Welcome to DrRacket, version 8.14 [cs].
Language: racket/base [custom]; memory limit: 16000 MB.
Starting sudoku:
Initial board:

• 2 3 • • • • • • 
• 7 9 • • • • • • 
• • • 9 • • 4 1 • 
• 3 2 1 4 9 8 6 • 
• 9 7 • • • • • • 
• • • • • • • • • 
• • • • • • • • • 
• • • • • • • • • 
• • • • • • • • • 

Nr of solutions: 0

Starting sudoku:
Initial board:

1 2 3 4 5 6 7 8 9 
4 5 6 7 8 9 1 2 3 
7 8 9 1 2 3 4 5 6 
2 3 1 5 6 4 8 9 7 
5 6 4 8 9 7 2 3 1 
8 9 7 2 3 1 5 6 4 
3 1 2 6 4 5 9 7 8 
6 4 5 9 7 8 3 1 2 
9 7 8 3 1 2 6 4 5 

Solutions:

1 2 3 4 5 6 7 8 9 
4 5 6 7 8 9 1 2 3 
7 8 9 1 2 3 4 5 6 
2 3 1 5 6 4 8 9 7 
5 6 4 8 9 7 2 3 1 
8 9 7 2 3 1 5 6 4 
3 1 2 6 4 5 9 7 8 
6 4 5 9 7 8 3 1 2 
9 7 8 3 1 2 6 4 5 

Nr of solutions: 1

Starting sudoku:
Initial board:

1 2 3 4 5 6 7 8 9 
4 5 6 7 8 9 1 2 3 
7 8 9 1 2 3 4 5 6 
2 3 1 5 6 4 8 9 7 
5 6 4 8 9 7 2 3 1 
8 9 7 2 3 1 5 6 4 
3 1 2 6 4 5 9 7 8 
• • • • • • • • • 
• • • • • • • • • 

Solutions:

1 2 3 4 5 6 7 8 9 
4 5 6 7 8 9 1 2 3 
7 8 9 1 2 3 4 5 6 
2 3 1 5 6 4 8 9 7 
5 6 4 8 9 7 2 3 1 
8 9 7 2 3 1 5 6 4 
3 1 2 6 4 5 9 7 8 
6 4 5 9 7 8 3 1 2 
9 7 8 3 1 2 6 4 5 

1 2 3 4 5 6 7 8 9 
4 5 6 7 8 9 1 2 3 
7 8 9 1 2 3 4 5 6 
2 3 1 5 6 4 8 9 7 
5 6 4 8 9 7 2 3 1 
8 9 7 2 3 1 5 6 4 
3 1 2 6 4 5 9 7 8 
6 4 8 9 7 2 3 1 5 
9 7 5 3 1 8 6 4 2 

1 2 3 4 5 6 7 8 9 
4 5 6 7 8 9 1 2 3 
7 8 9 1 2 3 4 5 6 
2 3 1 5 6 4 8 9 7 
5 6 4 8 9 7 2 3 1 
8 9 7 2 3 1 5 6 4 
3 1 2 6 4 5 9 7 8 
6 7 5 9 1 8 3 4 2 
9 4 8 3 7 2 6 1 5 

1 2 3 4 5 6 7 8 9 
4 5 6 7 8 9 1 2 3 
7 8 9 1 2 3 4 5 6 
2 3 1 5 6 4 8 9 7 
5 6 4 8 9 7 2 3 1 
8 9 7 2 3 1 5 6 4 
3 1 2 6 4 5 9 7 8 
6 7 8 9 1 2 3 4 5 
9 4 5 3 7 8 6 1 2 

1 2 3 4 5 6 7 8 9 
4 5 6 7 8 9 1 2 3 
7 8 9 1 2 3 4 5 6 
2 3 1 5 6 4 8 9 7 
5 6 4 8 9 7 2 3 1 
8 9 7 2 3 1 5 6 4 
3 1 2 6 4 5 9 7 8 
9 4 5 3 7 8 6 1 2 
6 7 8 9 1 2 3 4 5 

1 2 3 4 5 6 7 8 9 
4 5 6 7 8 9 1 2 3 
7 8 9 1 2 3 4 5 6 
2 3 1 5 6 4 8 9 7 
5 6 4 8 9 7 2 3 1 
8 9 7 2 3 1 5 6 4 
3 1 2 6 4 5 9 7 8 
9 4 8 3 7 2 6 1 5 
6 7 5 9 1 8 3 4 2 

1 2 3 4 5 6 7 8 9 
4 5 6 7 8 9 1 2 3 
7 8 9 1 2 3 4 5 6 
2 3 1 5 6 4 8 9 7 
5 6 4 8 9 7 2 3 1 
8 9 7 2 3 1 5 6 4 
3 1 2 6 4 5 9 7 8 
9 7 5 3 1 8 6 4 2 
6 4 8 9 7 2 3 1 5 

1 2 3 4 5 6 7 8 9 
4 5 6 7 8 9 1 2 3 
7 8 9 1 2 3 4 5 6 
2 3 1 5 6 4 8 9 7 
5 6 4 8 9 7 2 3 1 
8 9 7 2 3 1 5 6 4 
3 1 2 6 4 5 9 7 8 
9 7 8 3 1 2 6 4 5 
6 4 5 9 7 8 3 1 2 

Nr of solutions: 8

Starting sudoku:
Initial board:

1 2 3 4 5 6 7 8 9 
4 5 6 7 8 9 1 2 3 
7 8 9 1 2 3 4 5 6 
2 3 1 5 6 4 8 9 7 
5 6 4 8 9 7 2 3 1 
8 9 7 2 3 1 5 6 4 
3 1 2 6 4 5 9 7 8 
• • • • • • 3 • • 
• • • • • • • • • 

Solutions:

1 2 3 4 5 6 7 8 9 
4 5 6 7 8 9 1 2 3 
7 8 9 1 2 3 4 5 6 
2 3 1 5 6 4 8 9 7 
5 6 4 8 9 7 2 3 1 
8 9 7 2 3 1 5 6 4 
3 1 2 6 4 5 9 7 8 
6 4 5 9 7 8 3 1 2 
9 7 8 3 1 2 6 4 5 

1 2 3 4 5 6 7 8 9 
4 5 6 7 8 9 1 2 3 
7 8 9 1 2 3 4 5 6 
2 3 1 5 6 4 8 9 7 
5 6 4 8 9 7 2 3 1 
8 9 7 2 3 1 5 6 4 
3 1 2 6 4 5 9 7 8 
6 4 8 9 7 2 3 1 5 
9 7 5 3 1 8 6 4 2 

1 2 3 4 5 6 7 8 9 
4 5 6 7 8 9 1 2 3 
7 8 9 1 2 3 4 5 6 
2 3 1 5 6 4 8 9 7 
5 6 4 8 9 7 2 3 1 
8 9 7 2 3 1 5 6 4 
3 1 2 6 4 5 9 7 8 
6 7 5 9 1 8 3 4 2 
9 4 8 3 7 2 6 1 5 

1 2 3 4 5 6 7 8 9 
4 5 6 7 8 9 1 2 3 
7 8 9 1 2 3 4 5 6 
2 3 1 5 6 4 8 9 7 
5 6 4 8 9 7 2 3 1 
8 9 7 2 3 1 5 6 4 
3 1 2 6 4 5 9 7 8 
6 7 8 9 1 2 3 4 5 
9 4 5 3 7 8 6 1 2 

Nr of solutions: 4

Starting sudoku:
Initial board:

1 2 3 4 5 6 7 8 9 
4 5 6 7 8 9 1 2 3 
7 8 9 1 2 3 4 5 6 
2 3 1 5 6 4 8 9 7 
5 6 4 8 9 7 2 3 1 
8 9 7 2 3 1 5 6 4 
3 1 2 6 4 5 9 7 8 
• • • • • • 3 1 • 
• • • • • • 6 • • 

Solutions:

1 2 3 4 5 6 7 8 9 
4 5 6 7 8 9 1 2 3 
7 8 9 1 2 3 4 5 6 
2 3 1 5 6 4 8 9 7 
5 6 4 8 9 7 2 3 1 
8 9 7 2 3 1 5 6 4 
3 1 2 6 4 5 9 7 8 
6 4 5 9 7 8 3 1 2 
9 7 8 3 1 2 6 4 5 

1 2 3 4 5 6 7 8 9 
4 5 6 7 8 9 1 2 3 
7 8 9 1 2 3 4 5 6 
2 3 1 5 6 4 8 9 7 
5 6 4 8 9 7 2 3 1 
8 9 7 2 3 1 5 6 4 
3 1 2 6 4 5 9 7 8 
6 4 8 9 7 2 3 1 5 
9 7 5 3 1 8 6 4 2 

Nr of solutions: 2

Starting sudoku:
Initial board:

• • • 5 2 4 • • 6 
9 3 • • • • • 7 • 
• • • • • • • • • 
• • • • • 3 • • • 
2 8 • • • • • • • 
• • 1 7 • • 4 • • 
• • • 6 • • 1 • 7 
• 9 • • • • • 2 • 
• • 4 • 8 • • 3 • 

Solutions:

7 1 8 5 2 4 3 9 6 
9 3 5 1 6 8 2 7 4 
4 2 6 3 9 7 8 5 1 
5 4 9 8 1 3 7 6 2 
2 8 7 9 4 6 5 1 3 
3 6 1 7 5 2 4 8 9 
8 5 2 6 3 9 1 4 7 
1 9 3 4 7 5 6 2 8 
6 7 4 2 8 1 9 3 5 

Nr of solutions: 1

Starting sudoku:
Initial board:

5 3 • • 7 • • • • 
6 • • 1 9 5 • • • 
• 9 8 • • • • 6 • 
8 • • • 6 • • • 3 
4 • • 8 • 3 • • 1 
7 • • • 2 • • • 6 
• 6 • • • • 2 8 • 
• • • 4 1 9 • • 5 
• • • • 8 • • 7 9 

Solutions:

5 3 4 6 7 8 9 1 2 
6 7 2 1 9 5 3 4 8 
1 9 8 3 4 2 5 6 7 
8 5 9 7 6 1 4 2 3 
4 2 6 8 5 3 7 9 1 
7 1 3 9 2 4 8 5 6 
9 6 1 5 3 7 2 8 4 
2 8 7 4 1 9 6 3 5 
3 4 5 2 8 6 1 7 9 

Nr of solutions: 1

Starting sudoku:
Initial board:

5 3 • • 7 • • • • 
6 • • 1 9 5 • • • 
• 9 8 • • • • 6 • 
8 • • • 6 • • • 3 
4 • • 8 • 3 • • 1 
7 • • • 2 • • • 6 
• 6 • • • • 2 8 • 
• • • 4 1 9 • • • 
• • • • 8 • • • • 

Solutions:

5 3 4 6 7 8 1 9 2 
6 7 2 1 9 5 3 4 8 
1 9 8 3 4 2 5 6 7 
8 5 9 7 6 1 4 2 3 
4 2 6 8 5 3 9 7 1 
7 1 3 9 2 4 8 5 6 
9 6 1 5 3 7 2 8 4 
2 8 7 4 1 9 6 3 5 
3 4 5 2 8 6 7 1 9 

5 3 4 6 7 8 1 9 2 
6 7 2 1 9 5 3 4 8 
1 9 8 3 4 2 7 6 5 
8 5 9 7 6 1 4 2 3 
4 2 6 8 5 3 9 7 1 
7 1 3 9 2 4 8 5 6 
9 6 1 5 3 7 2 8 4 
2 8 5 4 1 9 6 3 7 
3 4 7 2 8 6 5 1 9 

5 3 4 6 7 8 9 1 2 
6 7 2 1 9 5 3 4 8 
1 9 8 3 4 2 5 6 7 
8 5 9 7 6 1 4 2 3 
4 2 6 8 5 3 7 9 1 
7 1 3 9 2 4 8 5 6 
9 6 1 5 3 7 2 8 4 
2 8 7 4 1 9 6 3 5 
3 4 5 2 8 6 1 7 9 

Nr of solutions: 3

Starting sudoku:
Initial board:

8 • • • • • • • • 
• • 3 6 • • • • • 
• 7 • • 9 • 2 • • 
• 5 • • • 7 • • • 
• • • • 4 5 7 • • 
• • • 1 • • • 3 • 
• • 1 • • • • 6 8 
• • 8 5 • • • 1 • 
• 9 • • • • 4 • • 

Solutions:

8 1 2 7 5 3 6 4 9 
9 4 3 6 8 2 1 7 5 
6 7 5 4 9 1 2 8 3 
1 5 4 2 3 7 8 9 6 
3 6 9 8 4 5 7 2 1 
2 8 7 1 6 9 5 3 4 
5 2 1 9 7 4 3 6 8 
4 3 8 5 2 6 9 1 7 
7 9 6 3 1 8 4 5 2 

Nr of solutions: 1

Starting sudoku:
Initial board:

8 • • • • • • • • 
• • 3 6 • • • • • 
• 7 • • 9 • • • • 
• 5 • • • 7 • • • 
• • • • 4 5 7 • • 
• • • 1 • • • 3 • 
• • 1 • • • • 6 8 
• • 8 5 • • • 1 • 
• 9 • • • • 4 • • 

Nr of solutions: 3219

> 